(kicad_pcb (version 20171130) (host pcbnew "(5.1.5)-3")

  (general
    (thickness 1.6)
    (drawings 11)
    (tracks 3087)
    (zones 0)
    (modules 19)
    (nets 67)
  )

  (page A3)
  (title_block
    (date "15 nov 2012")
  )

  (layers
    (0 F.Cu jumper)
    (31 B.Cu signal)
    (32 B.Adhes user)
    (33 F.Adhes user)
    (34 B.Paste user)
    (35 F.Paste user)
    (36 B.SilkS user)
    (37 F.SilkS user)
    (38 B.Mask user)
    (39 F.Mask user)
    (40 Dwgs.User user hide)
    (41 Cmts.User user)
    (42 Eco1.User user)
    (43 Eco2.User user)
    (44 Edge.Cuts user)
    (45 Margin user)
    (46 B.CrtYd user hide)
    (47 F.CrtYd user hide)
    (48 B.Fab user)
    (49 F.Fab user)
  )

  (setup
    (last_trace_width 0.15)
    (user_trace_width 0.15)
    (user_trace_width 0.3)
    (user_trace_width 0.5)
    (user_trace_width 1)
    (trace_clearance 0.15)
    (zone_clearance 0.3)
    (zone_45_only no)
    (trace_min 0.15)
    (via_size 0.6)
    (via_drill 0.3)
    (via_min_size 0.6)
    (via_min_drill 0.3)
    (uvia_size 0.5)
    (uvia_drill 0.1)
    (uvias_allowed no)
    (uvia_min_size 0.5)
    (uvia_min_drill 0.1)
    (edge_width 0.15)
    (segment_width 0.2)
    (pcb_text_width 0.3)
    (pcb_text_size 1 1)
    (mod_edge_width 0.15)
    (mod_text_size 1 1)
    (mod_text_width 0.15)
    (pad_size 1 1)
    (pad_drill 0.6)
    (pad_to_mask_clearance 0)
    (solder_mask_min_width 0.25)
    (aux_axis_origin 143.5 181)
    (visible_elements 7FFFFFFF)
    (pcbplotparams
      (layerselection 0x010f0_ffffffff)
      (usegerberextensions true)
      (usegerberattributes false)
      (usegerberadvancedattributes false)
      (creategerberjobfile false)
      (excludeedgelayer true)
      (linewidth 0.150000)
      (plotframeref false)
      (viasonmask false)
      (mode 1)
      (useauxorigin false)
      (hpglpennumber 1)
      (hpglpenspeed 20)
      (hpglpendiameter 15.000000)
      (psnegative false)
      (psa4output false)
      (plotreference true)
      (plotvalue true)
      (plotinvisibletext false)
      (padsonsilk false)
      (subtractmaskfromsilk false)
      (outputformat 1)
      (mirror false)
      (drillshape 0)
      (scaleselection 1)
      (outputdirectory "rasp4cam_gerber/"))
  )

  (net 0 "")
  (net 1 +5V)
  (net 2 GND)
  (net 3 +3V3)
  (net 4 "Net-(P1-Pad4)")
  (net 5 /GPIO4)
  (net 6 "Net-(P1-Pad9)")
  (net 7 /GPIO17)
  (net 8 /GPIO18)
  (net 9 "Net-(P1-Pad14)")
  (net 10 /GPIO22)
  (net 11 /GPIO23)
  (net 12 "Net-(P1-Pad17)")
  (net 13 "Net-(P1-Pad20)")
  (net 14 /GPIO25)
  (net 15 "Net-(P1-Pad25)")
  (net 16 /SDA0)
  (net 17 /SCL0)
  (net 18 /CAM_CLK)
  (net 19 /CAM_GPIO)
  (net 20 "Net-(P1-Pad3)")
  (net 21 "Net-(P1-Pad5)")
  (net 22 "Net-(P1-Pad8)")
  (net 23 "Net-(P1-Pad10)")
  (net 24 "Net-(P1-Pad13)")
  (net 25 "Net-(P1-Pad18)")
  (net 26 "Net-(P1-Pad19)")
  (net 27 /GPIO9)
  (net 28 /GPIO11)
  (net 29 /GPIO8)
  (net 30 "Net-(P1-Pad26)")
  (net 31 /OE2)
  (net 32 /OE1)
  (net 33 "Net-(U1-Pad7)")
  (net 34 "Net-(U1-Pad24)")
  (net 35 "Net-(U2-Pad24)")
  (net 36 "Net-(U2-Pad7)")
  (net 37 /CAM_C+)
  (net 38 /CAM_C-)
  (net 39 /CAM_D1+)
  (net 40 /CAM_D1-)
  (net 41 /CAM_D0+)
  (net 42 /CAM_D0-)
  (net 43 /CAMA_D0-)
  (net 44 /CAMA_D0+)
  (net 45 /CAMA_D1-)
  (net 46 /CAMA_D1+)
  (net 47 /CAMA_C-)
  (net 48 /CAMA_C+)
  (net 49 /CAMB_C+)
  (net 50 /CAMB_C-)
  (net 51 /CAMB_D1+)
  (net 52 /CAMB_D0+)
  (net 53 /CAMB_D0-)
  (net 54 /CAMC_D0-)
  (net 55 /CAMC_D0+)
  (net 56 /CAMC_D1+)
  (net 57 /CAMC_C-)
  (net 58 /CAMC_C+)
  (net 59 /CAMD_C+)
  (net 60 /CAMD_C-)
  (net 61 /CAMD_D1+)
  (net 62 /CAMD_D1-)
  (net 63 /CAMD_D0+)
  (net 64 /CAMD_D0-)
  (net 65 /CAMB_D1-)
  (net 66 /CAMC_D1-)

  (net_class Default "This is the default net class."
    (clearance 0.15)
    (trace_width 0.15)
    (via_dia 0.6)
    (via_drill 0.3)
    (uvia_dia 0.5)
    (uvia_drill 0.1)
    (diff_pair_width 0.15)
    (diff_pair_gap 0.15)
    (add_net /CAMA_C+)
    (add_net /CAMA_C-)
    (add_net /CAMA_D0+)
    (add_net /CAMA_D0-)
    (add_net /CAMA_D1+)
    (add_net /CAMA_D1-)
    (add_net /CAMB_C+)
    (add_net /CAMB_C-)
    (add_net /CAMB_D0+)
    (add_net /CAMB_D0-)
    (add_net /CAMB_D1+)
    (add_net /CAMB_D1-)
    (add_net /CAMC_C+)
    (add_net /CAMC_C-)
    (add_net /CAMC_D0+)
    (add_net /CAMC_D0-)
    (add_net /CAMC_D1+)
    (add_net /CAMC_D1-)
    (add_net /CAMD_C+)
    (add_net /CAMD_C-)
    (add_net /CAMD_D0+)
    (add_net /CAMD_D0-)
    (add_net /CAMD_D1+)
    (add_net /CAMD_D1-)
    (add_net /CAM_C+)
    (add_net /CAM_C-)
    (add_net /CAM_CLK)
    (add_net /CAM_D0+)
    (add_net /CAM_D0-)
    (add_net /CAM_D1+)
    (add_net /CAM_D1-)
    (add_net /CAM_GPIO)
    (add_net /GPIO11)
    (add_net /GPIO17)
    (add_net /GPIO18)
    (add_net /GPIO22)
    (add_net /GPIO23)
    (add_net /GPIO25)
    (add_net /GPIO4)
    (add_net /GPIO8)
    (add_net /GPIO9)
    (add_net /OE1)
    (add_net /OE2)
    (add_net /SCL0)
    (add_net /SDA0)
    (add_net "Net-(P1-Pad10)")
    (add_net "Net-(P1-Pad13)")
    (add_net "Net-(P1-Pad14)")
    (add_net "Net-(P1-Pad17)")
    (add_net "Net-(P1-Pad18)")
    (add_net "Net-(P1-Pad19)")
    (add_net "Net-(P1-Pad20)")
    (add_net "Net-(P1-Pad25)")
    (add_net "Net-(P1-Pad26)")
    (add_net "Net-(P1-Pad3)")
    (add_net "Net-(P1-Pad4)")
    (add_net "Net-(P1-Pad5)")
    (add_net "Net-(P1-Pad8)")
    (add_net "Net-(P1-Pad9)")
    (add_net "Net-(U1-Pad24)")
    (add_net "Net-(U1-Pad7)")
    (add_net "Net-(U2-Pad24)")
    (add_net "Net-(U2-Pad7)")
  )

  (net_class Power ""
    (clearance 0.15)
    (trace_width 0.5)
    (via_dia 1)
    (via_drill 0.6)
    (uvia_dia 0.5)
    (uvia_drill 0.1)
    (add_net +3V3)
    (add_net +5V)
    (add_net GND)
  )

  (module Capacitor_SMD:C_0603_1608Metric (layer B.Cu) (tedit 5B301BBE) (tstamp 5C666E52)
    (at 154.07 156.37 90)
    (descr "Capacitor SMD 0603 (1608 Metric), square (rectangular) end terminal, IPC_7351 nominal, (Body size source: http://www.tortai-tech.com/upload/download/2011102023233369053.pdf), generated with kicad-footprint-generator")
    (tags capacitor)
    (path /5C5BBD8B)
    (attr smd)
    (fp_text reference C7 (at 0 1.43 90) (layer B.SilkS)
      (effects (font (size 1 1) (thickness 0.15)) (justify mirror))
    )
    (fp_text value 100nF (at 0 -1.43 90) (layer B.Fab)
      (effects (font (size 1 1) (thickness 0.15)) (justify mirror))
    )
    (fp_line (start -0.8 -0.4) (end -0.8 0.4) (layer B.Fab) (width 0.1))
    (fp_line (start -0.8 0.4) (end 0.8 0.4) (layer B.Fab) (width 0.1))
    (fp_line (start 0.8 0.4) (end 0.8 -0.4) (layer B.Fab) (width 0.1))
    (fp_line (start 0.8 -0.4) (end -0.8 -0.4) (layer B.Fab) (width 0.1))
    (fp_line (start -0.162779 0.51) (end 0.162779 0.51) (layer B.SilkS) (width 0.12))
    (fp_line (start -0.162779 -0.51) (end 0.162779 -0.51) (layer B.SilkS) (width 0.12))
    (fp_line (start -1.48 -0.73) (end -1.48 0.73) (layer B.CrtYd) (width 0.05))
    (fp_line (start -1.48 0.73) (end 1.48 0.73) (layer B.CrtYd) (width 0.05))
    (fp_line (start 1.48 0.73) (end 1.48 -0.73) (layer B.CrtYd) (width 0.05))
    (fp_line (start 1.48 -0.73) (end -1.48 -0.73) (layer B.CrtYd) (width 0.05))
    (fp_text user %R (at 0 0 90) (layer B.Fab)
      (effects (font (size 0.4 0.4) (thickness 0.06)) (justify mirror))
    )
    (pad 1 smd roundrect (at -0.7875 0 90) (size 0.875 0.95) (layers B.Cu B.Paste B.Mask) (roundrect_rratio 0.25)
      (net 3 +3V3))
    (pad 2 smd roundrect (at 0.7875 0 90) (size 0.875 0.95) (layers B.Cu B.Paste B.Mask) (roundrect_rratio 0.25)
      (net 2 GND))
    (model ${KISYS3DMOD}/Capacitor_SMD.3dshapes/C_0603_1608Metric.wrl
      (at (xyz 0 0 0))
      (scale (xyz 1 1 1))
      (rotate (xyz 0 0 0))
    )
  )

  (module Connector_FFC-FPC:TE_1-84953-5_1x15-1MP_P1.0mm_Horizontal (layer F.Cu) (tedit 5C59DFCF) (tstamp 5C573D97)
    (at 172.9 162.5 90)
    (descr "TE FPC connector, 15 top-side contacts, 1.0mm pitch, 1.0mm height, SMT, http://www.te.com/commerce/DocumentDelivery/DDEController?Action=srchrtrv&DocNm=84953&DocType=Customer+Drawing&DocLang=English&DocFormat=pdf&PartCntxt=84953-4")
    (tags "te fpc 84953")
    (path /5C51E431)
    (attr smd)
    (fp_text reference J1 (at 9.99 -2.02 90) (layer F.SilkS)
      (effects (font (size 1 1) (thickness 0.15)))
    )
    (fp_text value Conn_01x15 (at 0 7.7 90) (layer F.Fab)
      (effects (font (size 1 1) (thickness 0.15)))
    )
    (fp_text user %R (at 0 1.9 90) (layer F.Fab)
      (effects (font (size 1 1) (thickness 0.15)))
    )
    (fp_line (start 11.96 -3.3) (end -11.96 -3.3) (layer F.CrtYd) (width 0.05))
    (fp_line (start 11.96 7) (end 11.96 -3.3) (layer F.CrtYd) (width 0.05))
    (fp_line (start -11.96 7) (end 11.96 7) (layer F.CrtYd) (width 0.05))
    (fp_line (start -11.96 -3.3) (end -11.96 7) (layer F.CrtYd) (width 0.05))
    (fp_line (start 7.565 -0.91) (end 8.39 -0.91) (layer F.SilkS) (width 0.12))
    (fp_line (start -7.565 -0.91) (end -7.565 -2.71) (layer F.SilkS) (width 0.12))
    (fp_line (start -8.39 -0.91) (end -7.565 -0.91) (layer F.SilkS) (width 0.12))
    (fp_line (start -10.545 3.6) (end -10.545 3.06) (layer F.SilkS) (width 0.12))
    (fp_line (start -11.57 3.6) (end -10.545 3.6) (layer F.SilkS) (width 0.12))
    (fp_line (start -11.57 4.71) (end -11.57 3.6) (layer F.SilkS) (width 0.12))
    (fp_line (start 11.57 4.71) (end -11.57 4.71) (layer F.SilkS) (width 0.12))
    (fp_line (start 11.57 3.6) (end 11.57 4.71) (layer F.SilkS) (width 0.12))
    (fp_line (start 10.545 3.6) (end 11.57 3.6) (layer F.SilkS) (width 0.12))
    (fp_line (start 10.545 3.06) (end 10.545 3.6) (layer F.SilkS) (width 0.12))
    (fp_line (start -10.435 5.61) (end -10.435 4.6) (layer F.Fab) (width 0.1))
    (fp_line (start -11.46 5.61) (end -10.435 5.61) (layer F.Fab) (width 0.1))
    (fp_line (start -11.46 6.5) (end -11.46 5.61) (layer F.Fab) (width 0.1))
    (fp_line (start 11.46 6.5) (end -11.46 6.5) (layer F.Fab) (width 0.1))
    (fp_line (start 11.46 5.61) (end 11.46 6.5) (layer F.Fab) (width 0.1))
    (fp_line (start 10.435 5.61) (end 11.46 5.61) (layer F.Fab) (width 0.1))
    (fp_line (start 10.435 4.6) (end 10.435 5.61) (layer F.Fab) (width 0.1))
    (fp_line (start -7 0.2) (end -6.5 -0.8) (layer F.Fab) (width 0.1))
    (fp_line (start -7.5 -0.8) (end -7 0.2) (layer F.Fab) (width 0.1))
    (fp_line (start -10.435 3.71) (end -10.435 -0.8) (layer F.Fab) (width 0.1))
    (fp_line (start -11.46 3.71) (end -10.435 3.71) (layer F.Fab) (width 0.1))
    (fp_line (start -11.46 4.6) (end -11.46 3.71) (layer F.Fab) (width 0.1))
    (fp_line (start 11.46 4.6) (end -11.46 4.6) (layer F.Fab) (width 0.1))
    (fp_line (start 11.46 3.71) (end 11.46 4.6) (layer F.Fab) (width 0.1))
    (fp_line (start 10.435 3.71) (end 11.46 3.71) (layer F.Fab) (width 0.1))
    (fp_line (start 10.435 -0.8) (end 10.435 3.71) (layer F.Fab) (width 0.1))
    (fp_line (start -10.435 -0.8) (end 10.435 -0.8) (layer F.Fab) (width 0.1))
    (pad MP smd rect (at 9.99 1 90) (size 2.68 3.6) (layers F.Cu F.Paste F.Mask))
    (pad MP smd rect (at -9.99 1 90) (size 2.68 3.6) (layers F.Cu F.Paste F.Mask))
    (pad 15 smd rect (at 7 -1.8 90) (size 0.61 2) (layers F.Cu F.Paste F.Mask)
      (net 2 GND))
    (pad 14 smd rect (at 6 -1.8 90) (size 0.61 2) (layers F.Cu F.Paste F.Mask)
      (net 42 /CAM_D0-))
    (pad 13 smd rect (at 5 -1.8 90) (size 0.61 2) (layers F.Cu F.Paste F.Mask)
      (net 41 /CAM_D0+))
    (pad 12 smd rect (at 4 -1.8 90) (size 0.61 2) (layers F.Cu F.Paste F.Mask)
      (net 2 GND))
    (pad 11 smd rect (at 3 -1.8 90) (size 0.61 2) (layers F.Cu F.Paste F.Mask)
      (net 40 /CAM_D1-))
    (pad 10 smd rect (at 2 -1.8 90) (size 0.61 2) (layers F.Cu F.Paste F.Mask)
      (net 39 /CAM_D1+))
    (pad 9 smd rect (at 1 -1.8 90) (size 0.61 2) (layers F.Cu F.Paste F.Mask)
      (net 2 GND))
    (pad 8 smd rect (at 0 -1.8 90) (size 0.61 2) (layers F.Cu F.Paste F.Mask)
      (net 38 /CAM_C-))
    (pad 7 smd rect (at -1 -1.8 90) (size 0.61 2) (layers F.Cu F.Paste F.Mask)
      (net 37 /CAM_C+))
    (pad 6 smd rect (at -2 -1.8 90) (size 0.61 2) (layers F.Cu F.Paste F.Mask)
      (net 2 GND))
    (pad 5 smd rect (at -3 -1.8 90) (size 0.61 2) (layers F.Cu F.Paste F.Mask)
      (net 19 /CAM_GPIO))
    (pad 4 smd rect (at -4 -1.8 90) (size 0.61 2) (layers F.Cu F.Paste F.Mask)
      (net 18 /CAM_CLK))
    (pad 3 smd rect (at -5 -1.8 90) (size 0.61 2) (layers F.Cu F.Paste F.Mask)
      (net 17 /SCL0))
    (pad 2 smd rect (at -6 -1.8 90) (size 0.61 2) (layers F.Cu F.Paste F.Mask)
      (net 16 /SDA0))
    (pad 1 smd rect (at -7 -1.8 90) (size 0.61 2) (layers F.Cu F.Paste F.Mask)
      (net 3 +3V3))
    (model ${KISYS3DMOD}/Connector_FFC-FPC.3dshapes/TE_1-84953-5_1x15-1MP_P1.0mm_Horizontal.wrl
      (at (xyz 0 0 0))
      (scale (xyz 1 1 1))
      (rotate (xyz 0 0 0))
    )
  )

  (module Connector_PinHeader_2.54mm:PinHeader_2x13_P2.54mm_Vertical locked (layer F.Cu) (tedit 59FED5CC) (tstamp 5A6DBEA3)
    (at 145.75536 130.27914 90)
    (descr "Through hole straight pin header, 2x13, 2.54mm pitch, double rows")
    (tags "Through hole pin header THT 2x13 2.54mm double row")
    (path /50A55ABA)
    (fp_text reference P1 (at -2.62086 12.54464 270) (layer F.SilkS)
      (effects (font (size 1 1) (thickness 0.15)))
    )
    (fp_text value CONN_13X2 (at 1.27 32.81 90) (layer F.Fab)
      (effects (font (size 1 1) (thickness 0.15)))
    )
    (fp_line (start 0 -1.27) (end 3.81 -1.27) (layer F.Fab) (width 0.1))
    (fp_line (start 3.81 -1.27) (end 3.81 31.75) (layer F.Fab) (width 0.1))
    (fp_line (start 3.81 31.75) (end -1.27 31.75) (layer F.Fab) (width 0.1))
    (fp_line (start -1.27 31.75) (end -1.27 0) (layer F.Fab) (width 0.1))
    (fp_line (start -1.27 0) (end 0 -1.27) (layer F.Fab) (width 0.1))
    (fp_line (start -1.33 31.81) (end 3.87 31.81) (layer F.SilkS) (width 0.12))
    (fp_line (start -1.33 1.27) (end -1.33 31.81) (layer F.SilkS) (width 0.12))
    (fp_line (start 3.87 -1.33) (end 3.87 31.81) (layer F.SilkS) (width 0.12))
    (fp_line (start -1.33 1.27) (end 1.27 1.27) (layer F.SilkS) (width 0.12))
    (fp_line (start 1.27 1.27) (end 1.27 -1.33) (layer F.SilkS) (width 0.12))
    (fp_line (start 1.27 -1.33) (end 3.87 -1.33) (layer F.SilkS) (width 0.12))
    (fp_line (start -1.33 0) (end -1.33 -1.33) (layer F.SilkS) (width 0.12))
    (fp_line (start -1.33 -1.33) (end 0 -1.33) (layer F.SilkS) (width 0.12))
    (fp_line (start -1.8 -1.8) (end -1.8 32.25) (layer F.CrtYd) (width 0.05))
    (fp_line (start -1.8 32.25) (end 4.35 32.25) (layer F.CrtYd) (width 0.05))
    (fp_line (start 4.35 32.25) (end 4.35 -1.8) (layer F.CrtYd) (width 0.05))
    (fp_line (start 4.35 -1.8) (end -1.8 -1.8) (layer F.CrtYd) (width 0.05))
    (fp_text user %R (at 1.27 15.24 180) (layer F.Fab)
      (effects (font (size 1 1) (thickness 0.15)))
    )
    (pad 1 thru_hole rect (at 0 0 90) (size 1.7 1.7) (drill 1) (layers *.Cu *.Mask)
      (net 3 +3V3))
    (pad 2 thru_hole oval (at 2.54 0 90) (size 1.7 1.7) (drill 1) (layers *.Cu *.Mask)
      (net 1 +5V))
    (pad 3 thru_hole oval (at 0 2.54 90) (size 1.7 1.7) (drill 1) (layers *.Cu *.Mask)
      (net 20 "Net-(P1-Pad3)"))
    (pad 4 thru_hole oval (at 2.54 2.54 90) (size 1.7 1.7) (drill 1) (layers *.Cu *.Mask)
      (net 4 "Net-(P1-Pad4)"))
    (pad 5 thru_hole oval (at 0 5.08 90) (size 1.7 1.7) (drill 1) (layers *.Cu *.Mask)
      (net 21 "Net-(P1-Pad5)"))
    (pad 6 thru_hole oval (at 2.54 5.08 90) (size 1.7 1.7) (drill 1) (layers *.Cu *.Mask)
      (net 2 GND))
    (pad 7 thru_hole oval (at 0 7.62 90) (size 1.7 1.7) (drill 1) (layers *.Cu *.Mask)
      (net 5 /GPIO4))
    (pad 8 thru_hole oval (at 2.54 7.62 90) (size 1.7 1.7) (drill 1) (layers *.Cu *.Mask)
      (net 22 "Net-(P1-Pad8)"))
    (pad 9 thru_hole oval (at 0 10.16 90) (size 1.7 1.7) (drill 1) (layers *.Cu *.Mask)
      (net 6 "Net-(P1-Pad9)"))
    (pad 10 thru_hole oval (at 2.54 10.16 90) (size 1.7 1.7) (drill 1) (layers *.Cu *.Mask)
      (net 23 "Net-(P1-Pad10)"))
    (pad 11 thru_hole oval (at 0 12.7 90) (size 1.7 1.7) (drill 1) (layers *.Cu *.Mask)
      (net 7 /GPIO17))
    (pad 12 thru_hole oval (at 2.54 12.7 90) (size 1.7 1.7) (drill 1) (layers *.Cu *.Mask)
      (net 8 /GPIO18))
    (pad 13 thru_hole oval (at 0 15.24 90) (size 1.7 1.7) (drill 1) (layers *.Cu *.Mask)
      (net 24 "Net-(P1-Pad13)"))
    (pad 14 thru_hole oval (at 2.54 15.24 90) (size 1.7 1.7) (drill 1) (layers *.Cu *.Mask)
      (net 9 "Net-(P1-Pad14)"))
    (pad 15 thru_hole oval (at 0 17.78 90) (size 1.7 1.7) (drill 1) (layers *.Cu *.Mask)
      (net 10 /GPIO22))
    (pad 16 thru_hole oval (at 2.54 17.78 90) (size 1.7 1.7) (drill 1) (layers *.Cu *.Mask)
      (net 11 /GPIO23))
    (pad 17 thru_hole oval (at 0 20.32 90) (size 1.7 1.7) (drill 1) (layers *.Cu *.Mask)
      (net 12 "Net-(P1-Pad17)"))
    (pad 18 thru_hole oval (at 2.54 20.32 90) (size 1.7 1.7) (drill 1) (layers *.Cu *.Mask)
      (net 25 "Net-(P1-Pad18)"))
    (pad 19 thru_hole oval (at 0 22.86 90) (size 1.7 1.7) (drill 1) (layers *.Cu *.Mask)
      (net 26 "Net-(P1-Pad19)"))
    (pad 20 thru_hole oval (at 2.54 22.86 90) (size 1.7 1.7) (drill 1) (layers *.Cu *.Mask)
      (net 13 "Net-(P1-Pad20)"))
    (pad 21 thru_hole oval (at 0 25.4 90) (size 1.7 1.7) (drill 1) (layers *.Cu *.Mask)
      (net 27 /GPIO9))
    (pad 22 thru_hole oval (at 2.54 25.4 90) (size 1.7 1.7) (drill 1) (layers *.Cu *.Mask)
      (net 14 /GPIO25))
    (pad 23 thru_hole oval (at 0 27.94 90) (size 1.7 1.7) (drill 1) (layers *.Cu *.Mask)
      (net 28 /GPIO11))
    (pad 24 thru_hole oval (at 2.54 27.94 90) (size 1.7 1.7) (drill 1) (layers *.Cu *.Mask)
      (net 29 /GPIO8))
    (pad 25 thru_hole oval (at 0 30.48 90) (size 1.7 1.7) (drill 1) (layers *.Cu *.Mask)
      (net 15 "Net-(P1-Pad25)"))
    (pad 26 thru_hole oval (at 2.54 30.48 90) (size 1.7 1.7) (drill 1) (layers *.Cu *.Mask)
      (net 30 "Net-(P1-Pad26)"))
    (model ${KISYS3DMOD}/Connector_PinHeader_2.54mm.3dshapes/PinHeader_2x13_P2.54mm_Vertical.wrl
      (at (xyz 0 0 0))
      (scale (xyz 1 1 1))
      (rotate (xyz 0 0 0))
    )
  )

  (module Capacitor_SMD:C_0603_1608Metric (layer F.Cu) (tedit 5B301BBE) (tstamp 5C573D0D)
    (at 162.2375 143.025)
    (descr "Capacitor SMD 0603 (1608 Metric), square (rectangular) end terminal, IPC_7351 nominal, (Body size source: http://www.tortai-tech.com/upload/download/2011102023233369053.pdf), generated with kicad-footprint-generator")
    (tags capacitor)
    (path /5C87B865)
    (attr smd)
    (fp_text reference C1 (at 0.8025 -1.895 90) (layer F.SilkS)
      (effects (font (size 1 1) (thickness 0.15)))
    )
    (fp_text value 100nF (at 0 1.43) (layer F.Fab)
      (effects (font (size 1 1) (thickness 0.15)))
    )
    (fp_line (start -0.8 0.4) (end -0.8 -0.4) (layer F.Fab) (width 0.1))
    (fp_line (start -0.8 -0.4) (end 0.8 -0.4) (layer F.Fab) (width 0.1))
    (fp_line (start 0.8 -0.4) (end 0.8 0.4) (layer F.Fab) (width 0.1))
    (fp_line (start 0.8 0.4) (end -0.8 0.4) (layer F.Fab) (width 0.1))
    (fp_line (start -0.162779 -0.51) (end 0.162779 -0.51) (layer F.SilkS) (width 0.12))
    (fp_line (start -0.162779 0.51) (end 0.162779 0.51) (layer F.SilkS) (width 0.12))
    (fp_line (start -1.48 0.73) (end -1.48 -0.73) (layer F.CrtYd) (width 0.05))
    (fp_line (start -1.48 -0.73) (end 1.48 -0.73) (layer F.CrtYd) (width 0.05))
    (fp_line (start 1.48 -0.73) (end 1.48 0.73) (layer F.CrtYd) (width 0.05))
    (fp_line (start 1.48 0.73) (end -1.48 0.73) (layer F.CrtYd) (width 0.05))
    (fp_text user %R (at 0 0) (layer F.Fab)
      (effects (font (size 0.4 0.4) (thickness 0.06)))
    )
    (pad 1 smd roundrect (at -0.7875 0) (size 0.875 0.95) (layers F.Cu F.Paste F.Mask) (roundrect_rratio 0.25)
      (net 3 +3V3))
    (pad 2 smd roundrect (at 0.7875 0) (size 0.875 0.95) (layers F.Cu F.Paste F.Mask) (roundrect_rratio 0.25)
      (net 2 GND))
    (model ${KISYS3DMOD}/Capacitor_SMD.3dshapes/C_0603_1608Metric.wrl
      (at (xyz 0 0 0))
      (scale (xyz 1 1 1))
      (rotate (xyz 0 0 0))
    )
  )

  (module Capacitor_SMD:C_0603_1608Metric (layer F.Cu) (tedit 5B301BBE) (tstamp 5C573D1E)
    (at 160.925 159.675)
    (descr "Capacitor SMD 0603 (1608 Metric), square (rectangular) end terminal, IPC_7351 nominal, (Body size source: http://www.tortai-tech.com/upload/download/2011102023233369053.pdf), generated with kicad-footprint-generator")
    (tags capacitor)
    (path /5C87B963)
    (attr smd)
    (fp_text reference C2 (at 0 -2.555 90) (layer F.SilkS)
      (effects (font (size 1 1) (thickness 0.15)))
    )
    (fp_text value 100nF (at 0 1.43) (layer F.Fab)
      (effects (font (size 1 1) (thickness 0.15)))
    )
    (fp_text user %R (at 0 0) (layer F.Fab)
      (effects (font (size 0.4 0.4) (thickness 0.06)))
    )
    (fp_line (start 1.48 0.73) (end -1.48 0.73) (layer F.CrtYd) (width 0.05))
    (fp_line (start 1.48 -0.73) (end 1.48 0.73) (layer F.CrtYd) (width 0.05))
    (fp_line (start -1.48 -0.73) (end 1.48 -0.73) (layer F.CrtYd) (width 0.05))
    (fp_line (start -1.48 0.73) (end -1.48 -0.73) (layer F.CrtYd) (width 0.05))
    (fp_line (start -0.162779 0.51) (end 0.162779 0.51) (layer F.SilkS) (width 0.12))
    (fp_line (start -0.162779 -0.51) (end 0.162779 -0.51) (layer F.SilkS) (width 0.12))
    (fp_line (start 0.8 0.4) (end -0.8 0.4) (layer F.Fab) (width 0.1))
    (fp_line (start 0.8 -0.4) (end 0.8 0.4) (layer F.Fab) (width 0.1))
    (fp_line (start -0.8 -0.4) (end 0.8 -0.4) (layer F.Fab) (width 0.1))
    (fp_line (start -0.8 0.4) (end -0.8 -0.4) (layer F.Fab) (width 0.1))
    (pad 2 smd roundrect (at 0.7875 0) (size 0.875 0.95) (layers F.Cu F.Paste F.Mask) (roundrect_rratio 0.25)
      (net 2 GND))
    (pad 1 smd roundrect (at -0.7875 0) (size 0.875 0.95) (layers F.Cu F.Paste F.Mask) (roundrect_rratio 0.25)
      (net 3 +3V3))
    (model ${KISYS3DMOD}/Capacitor_SMD.3dshapes/C_0603_1608Metric.wrl
      (at (xyz 0 0 0))
      (scale (xyz 1 1 1))
      (rotate (xyz 0 0 0))
    )
  )

  (module Capacitor_SMD:C_0603_1608Metric (layer B.Cu) (tedit 5B301BBE) (tstamp 5C573D2F)
    (at 154.18 134.97 90)
    (descr "Capacitor SMD 0603 (1608 Metric), square (rectangular) end terminal, IPC_7351 nominal, (Body size source: http://www.tortai-tech.com/upload/download/2011102023233369053.pdf), generated with kicad-footprint-generator")
    (tags capacitor)
    (path /5C8FC273)
    (attr smd)
    (fp_text reference C3 (at 0.0875 -1.3 90) (layer B.SilkS)
      (effects (font (size 1 1) (thickness 0.15)) (justify mirror))
    )
    (fp_text value 100nF (at 0 -1.43 90) (layer B.Fab)
      (effects (font (size 1 1) (thickness 0.15)) (justify mirror))
    )
    (fp_line (start -0.8 -0.4) (end -0.8 0.4) (layer B.Fab) (width 0.1))
    (fp_line (start -0.8 0.4) (end 0.8 0.4) (layer B.Fab) (width 0.1))
    (fp_line (start 0.8 0.4) (end 0.8 -0.4) (layer B.Fab) (width 0.1))
    (fp_line (start 0.8 -0.4) (end -0.8 -0.4) (layer B.Fab) (width 0.1))
    (fp_line (start -0.162779 0.51) (end 0.162779 0.51) (layer B.SilkS) (width 0.12))
    (fp_line (start -0.162779 -0.51) (end 0.162779 -0.51) (layer B.SilkS) (width 0.12))
    (fp_line (start -1.48 -0.73) (end -1.48 0.73) (layer B.CrtYd) (width 0.05))
    (fp_line (start -1.48 0.73) (end 1.48 0.73) (layer B.CrtYd) (width 0.05))
    (fp_line (start 1.48 0.73) (end 1.48 -0.73) (layer B.CrtYd) (width 0.05))
    (fp_line (start 1.48 -0.73) (end -1.48 -0.73) (layer B.CrtYd) (width 0.05))
    (fp_text user %R (at 0 0 90) (layer B.Fab)
      (effects (font (size 0.4 0.4) (thickness 0.06)) (justify mirror))
    )
    (pad 1 smd roundrect (at -0.7875 0 90) (size 0.875 0.95) (layers B.Cu B.Paste B.Mask) (roundrect_rratio 0.25)
      (net 3 +3V3))
    (pad 2 smd roundrect (at 0.7875 0 90) (size 0.875 0.95) (layers B.Cu B.Paste B.Mask) (roundrect_rratio 0.25)
      (net 2 GND))
    (model ${KISYS3DMOD}/Capacitor_SMD.3dshapes/C_0603_1608Metric.wrl
      (at (xyz 0 0 0))
      (scale (xyz 1 1 1))
      (rotate (xyz 0 0 0))
    )
  )

  (module Capacitor_SMD:C_0603_1608Metric (layer F.Cu) (tedit 5B301BBE) (tstamp 5C573D40)
    (at 153 152.0125 270)
    (descr "Capacitor SMD 0603 (1608 Metric), square (rectangular) end terminal, IPC_7351 nominal, (Body size source: http://www.tortai-tech.com/upload/download/2011102023233369053.pdf), generated with kicad-footprint-generator")
    (tags capacitor)
    (path /5C91756D)
    (attr smd)
    (fp_text reference C4 (at 0 -1.43 270) (layer F.SilkS)
      (effects (font (size 1 1) (thickness 0.15)))
    )
    (fp_text value 100nF (at 0 1.43 270) (layer F.Fab)
      (effects (font (size 1 1) (thickness 0.15)))
    )
    (fp_text user %R (at 0 0 270) (layer F.Fab)
      (effects (font (size 0.4 0.4) (thickness 0.06)))
    )
    (fp_line (start 1.48 0.73) (end -1.48 0.73) (layer F.CrtYd) (width 0.05))
    (fp_line (start 1.48 -0.73) (end 1.48 0.73) (layer F.CrtYd) (width 0.05))
    (fp_line (start -1.48 -0.73) (end 1.48 -0.73) (layer F.CrtYd) (width 0.05))
    (fp_line (start -1.48 0.73) (end -1.48 -0.73) (layer F.CrtYd) (width 0.05))
    (fp_line (start -0.162779 0.51) (end 0.162779 0.51) (layer F.SilkS) (width 0.12))
    (fp_line (start -0.162779 -0.51) (end 0.162779 -0.51) (layer F.SilkS) (width 0.12))
    (fp_line (start 0.8 0.4) (end -0.8 0.4) (layer F.Fab) (width 0.1))
    (fp_line (start 0.8 -0.4) (end 0.8 0.4) (layer F.Fab) (width 0.1))
    (fp_line (start -0.8 -0.4) (end 0.8 -0.4) (layer F.Fab) (width 0.1))
    (fp_line (start -0.8 0.4) (end -0.8 -0.4) (layer F.Fab) (width 0.1))
    (pad 2 smd roundrect (at 0.7875 0 270) (size 0.875 0.95) (layers F.Cu F.Paste F.Mask) (roundrect_rratio 0.25)
      (net 2 GND))
    (pad 1 smd roundrect (at -0.7875 0 270) (size 0.875 0.95) (layers F.Cu F.Paste F.Mask) (roundrect_rratio 0.25)
      (net 3 +3V3))
    (model ${KISYS3DMOD}/Capacitor_SMD.3dshapes/C_0603_1608Metric.wrl
      (at (xyz 0 0 0))
      (scale (xyz 1 1 1))
      (rotate (xyz 0 0 0))
    )
  )

  (module Capacitor_SMD:C_0603_1608Metric (layer F.Cu) (tedit 5B301BBE) (tstamp 5C573D51)
    (at 153 176.2 270)
    (descr "Capacitor SMD 0603 (1608 Metric), square (rectangular) end terminal, IPC_7351 nominal, (Body size source: http://www.tortai-tech.com/upload/download/2011102023233369053.pdf), generated with kicad-footprint-generator")
    (tags capacitor)
    (path /5C925011)
    (attr smd)
    (fp_text reference C5 (at 0 -1.43 270) (layer F.SilkS)
      (effects (font (size 1 1) (thickness 0.15)))
    )
    (fp_text value 100nF (at 0 1.43 270) (layer F.Fab)
      (effects (font (size 1 1) (thickness 0.15)))
    )
    (fp_line (start -0.8 0.4) (end -0.8 -0.4) (layer F.Fab) (width 0.1))
    (fp_line (start -0.8 -0.4) (end 0.8 -0.4) (layer F.Fab) (width 0.1))
    (fp_line (start 0.8 -0.4) (end 0.8 0.4) (layer F.Fab) (width 0.1))
    (fp_line (start 0.8 0.4) (end -0.8 0.4) (layer F.Fab) (width 0.1))
    (fp_line (start -0.162779 -0.51) (end 0.162779 -0.51) (layer F.SilkS) (width 0.12))
    (fp_line (start -0.162779 0.51) (end 0.162779 0.51) (layer F.SilkS) (width 0.12))
    (fp_line (start -1.48 0.73) (end -1.48 -0.73) (layer F.CrtYd) (width 0.05))
    (fp_line (start -1.48 -0.73) (end 1.48 -0.73) (layer F.CrtYd) (width 0.05))
    (fp_line (start 1.48 -0.73) (end 1.48 0.73) (layer F.CrtYd) (width 0.05))
    (fp_line (start 1.48 0.73) (end -1.48 0.73) (layer F.CrtYd) (width 0.05))
    (fp_text user %R (at 0 0 270) (layer F.Fab)
      (effects (font (size 0.4 0.4) (thickness 0.06)))
    )
    (pad 1 smd roundrect (at -0.7875 0 270) (size 0.875 0.95) (layers F.Cu F.Paste F.Mask) (roundrect_rratio 0.25)
      (net 3 +3V3))
    (pad 2 smd roundrect (at 0.7875 0 270) (size 0.875 0.95) (layers F.Cu F.Paste F.Mask) (roundrect_rratio 0.25)
      (net 2 GND))
    (model ${KISYS3DMOD}/Capacitor_SMD.3dshapes/C_0603_1608Metric.wrl
      (at (xyz 0 0 0))
      (scale (xyz 1 1 1))
      (rotate (xyz 0 0 0))
    )
  )

  (module Capacitor_SMD:C_0603_1608Metric (layer F.Cu) (tedit 5B301BBE) (tstamp 5C573D62)
    (at 168.4 171.1875 270)
    (descr "Capacitor SMD 0603 (1608 Metric), square (rectangular) end terminal, IPC_7351 nominal, (Body size source: http://www.tortai-tech.com/upload/download/2011102023233369053.pdf), generated with kicad-footprint-generator")
    (tags capacitor)
    (path /5C940B5C)
    (attr smd)
    (fp_text reference C6 (at 0 1.375 270) (layer F.SilkS)
      (effects (font (size 1 1) (thickness 0.15)))
    )
    (fp_text value 100nF (at 0 1.43 270) (layer F.Fab)
      (effects (font (size 1 1) (thickness 0.15)))
    )
    (fp_text user %R (at 0 0 270) (layer F.Fab)
      (effects (font (size 0.4 0.4) (thickness 0.06)))
    )
    (fp_line (start 1.48 0.73) (end -1.48 0.73) (layer F.CrtYd) (width 0.05))
    (fp_line (start 1.48 -0.73) (end 1.48 0.73) (layer F.CrtYd) (width 0.05))
    (fp_line (start -1.48 -0.73) (end 1.48 -0.73) (layer F.CrtYd) (width 0.05))
    (fp_line (start -1.48 0.73) (end -1.48 -0.73) (layer F.CrtYd) (width 0.05))
    (fp_line (start -0.162779 0.51) (end 0.162779 0.51) (layer F.SilkS) (width 0.12))
    (fp_line (start -0.162779 -0.51) (end 0.162779 -0.51) (layer F.SilkS) (width 0.12))
    (fp_line (start 0.8 0.4) (end -0.8 0.4) (layer F.Fab) (width 0.1))
    (fp_line (start 0.8 -0.4) (end 0.8 0.4) (layer F.Fab) (width 0.1))
    (fp_line (start -0.8 -0.4) (end 0.8 -0.4) (layer F.Fab) (width 0.1))
    (fp_line (start -0.8 0.4) (end -0.8 -0.4) (layer F.Fab) (width 0.1))
    (pad 2 smd roundrect (at 0.7875 0 270) (size 0.875 0.95) (layers F.Cu F.Paste F.Mask) (roundrect_rratio 0.25)
      (net 2 GND))
    (pad 1 smd roundrect (at -0.7875 0 270) (size 0.875 0.95) (layers F.Cu F.Paste F.Mask) (roundrect_rratio 0.25)
      (net 3 +3V3))
    (model ${KISYS3DMOD}/Capacitor_SMD.3dshapes/C_0603_1608Metric.wrl
      (at (xyz 0 0 0))
      (scale (xyz 1 1 1))
      (rotate (xyz 0 0 0))
    )
  )

  (module Connector_PinSocket_2.54mm:PinSocket_2x05_P2.54mm_Vertical (layer F.Cu) (tedit 5A19A42B) (tstamp 5C573DB7)
    (at 176.325 178.925 270)
    (descr "Through hole straight socket strip, 2x05, 2.54mm pitch, double cols (from Kicad 4.0.7), script generated")
    (tags "Through hole socket strip THT 2x05 2.54mm double row")
    (path /5C52D7BB)
    (zone_connect 1)
    (fp_text reference J2 (at -1.4 12.375 270) (layer F.SilkS)
      (effects (font (size 1 1) (thickness 0.15)))
    )
    (fp_text value Conn_02x05_Odd_Even (at -1.27 12.93 270) (layer F.Fab)
      (effects (font (size 1 1) (thickness 0.15)))
    )
    (fp_line (start -3.81 -1.27) (end 0.27 -1.27) (layer F.Fab) (width 0.1))
    (fp_line (start 0.27 -1.27) (end 1.27 -0.27) (layer F.Fab) (width 0.1))
    (fp_line (start 1.27 -0.27) (end 1.27 11.43) (layer F.Fab) (width 0.1))
    (fp_line (start 1.27 11.43) (end -3.81 11.43) (layer F.Fab) (width 0.1))
    (fp_line (start -3.81 11.43) (end -3.81 -1.27) (layer F.Fab) (width 0.1))
    (fp_line (start -3.87 -1.33) (end -1.27 -1.33) (layer F.SilkS) (width 0.12))
    (fp_line (start -3.87 -1.33) (end -3.87 11.49) (layer F.SilkS) (width 0.12))
    (fp_line (start -3.87 11.49) (end 1.33 11.49) (layer F.SilkS) (width 0.12))
    (fp_line (start 1.33 1.27) (end 1.33 11.49) (layer F.SilkS) (width 0.12))
    (fp_line (start -1.27 1.27) (end 1.33 1.27) (layer F.SilkS) (width 0.12))
    (fp_line (start -1.27 -1.33) (end -1.27 1.27) (layer F.SilkS) (width 0.12))
    (fp_line (start 1.33 -1.33) (end 1.33 0) (layer F.SilkS) (width 0.12))
    (fp_line (start 0 -1.33) (end 1.33 -1.33) (layer F.SilkS) (width 0.12))
    (fp_line (start -4.34 -1.8) (end 1.76 -1.8) (layer F.CrtYd) (width 0.05))
    (fp_line (start 1.76 -1.8) (end 1.76 11.9) (layer F.CrtYd) (width 0.05))
    (fp_line (start 1.76 11.9) (end -4.34 11.9) (layer F.CrtYd) (width 0.05))
    (fp_line (start -4.34 11.9) (end -4.34 -1.8) (layer F.CrtYd) (width 0.05))
    (fp_text user %R (at -1.27 5.08) (layer F.Fab)
      (effects (font (size 1 1) (thickness 0.15)))
    )
    (pad 1 thru_hole rect (at 0 0 270) (size 1.7 1.7) (drill 1) (layers *.Cu *.Mask)
      (net 40 /CAM_D1-) (zone_connect 1))
    (pad 2 thru_hole oval (at -2.54 0 270) (size 1.7 1.7) (drill 1) (layers *.Cu *.Mask)
      (net 39 /CAM_D1+) (zone_connect 1))
    (pad 3 thru_hole oval (at 0 2.54 270) (size 1.7 1.7) (drill 1) (layers *.Cu *.Mask)
      (net 42 /CAM_D0-) (zone_connect 1))
    (pad 4 thru_hole oval (at -2.54 2.54 270) (size 1.7 1.7) (drill 1) (layers *.Cu *.Mask)
      (net 41 /CAM_D0+) (zone_connect 1))
    (pad 5 thru_hole oval (at 0 5.08 270) (size 1.7 1.7) (drill 1) (layers *.Cu *.Mask)
      (net 38 /CAM_C-) (zone_connect 1))
    (pad 6 thru_hole oval (at -2.54 5.08 270) (size 1.7 1.7) (drill 1) (layers *.Cu *.Mask)
      (net 37 /CAM_C+) (zone_connect 1))
    (pad 7 thru_hole oval (at 0 7.62 270) (size 1.7 1.7) (drill 1) (layers *.Cu *.Mask)
      (net 17 /SCL0) (zone_connect 1))
    (pad 8 thru_hole oval (at -2.54 7.62 270) (size 1.7 1.7) (drill 1) (layers *.Cu *.Mask)
      (net 16 /SDA0) (zone_connect 1))
    (pad 9 thru_hole oval (at 0 10.16 270) (size 1.7 1.7) (drill 1) (layers *.Cu *.Mask)
      (net 18 /CAM_CLK) (zone_connect 1))
    (pad 10 thru_hole oval (at -2.54 10.16 270) (size 1.7 1.7) (drill 1) (layers *.Cu *.Mask)
      (net 19 /CAM_GPIO) (zone_connect 1))
    (model ${KISYS3DMOD}/Connector_PinSocket_2.54mm.3dshapes/PinSocket_2x05_P2.54mm_Vertical.wrl
      (at (xyz 0 0 0))
      (scale (xyz 1 1 1))
      (rotate (xyz 0 0 0))
    )
  )

  (module Connector_FFC-FPC:TE_1-84953-5_1x15-1MP_P1.0mm_Horizontal (layer F.Cu) (tedit 5AEE14E3) (tstamp 5C573DEC)
    (at 148.7 168.4 270)
    (descr "TE FPC connector, 15 top-side contacts, 1.0mm pitch, 1.0mm height, SMT, http://www.te.com/commerce/DocumentDelivery/DDEController?Action=srchrtrv&DocNm=84953&DocType=Customer+Drawing&DocLang=English&DocFormat=pdf&PartCntxt=84953-4")
    (tags "te fpc 84953")
    (path /5C51EC88)
    (attr smd)
    (fp_text reference J3 (at 0 -4.2 270) (layer F.SilkS)
      (effects (font (size 1 1) (thickness 0.15)))
    )
    (fp_text value Conn_01x15 (at 0 7.7 270) (layer F.Fab)
      (effects (font (size 1 1) (thickness 0.15)))
    )
    (fp_line (start -10.435 -0.8) (end 10.435 -0.8) (layer F.Fab) (width 0.1))
    (fp_line (start 10.435 -0.8) (end 10.435 3.71) (layer F.Fab) (width 0.1))
    (fp_line (start 10.435 3.71) (end 11.46 3.71) (layer F.Fab) (width 0.1))
    (fp_line (start 11.46 3.71) (end 11.46 4.6) (layer F.Fab) (width 0.1))
    (fp_line (start 11.46 4.6) (end -11.46 4.6) (layer F.Fab) (width 0.1))
    (fp_line (start -11.46 4.6) (end -11.46 3.71) (layer F.Fab) (width 0.1))
    (fp_line (start -11.46 3.71) (end -10.435 3.71) (layer F.Fab) (width 0.1))
    (fp_line (start -10.435 3.71) (end -10.435 -0.8) (layer F.Fab) (width 0.1))
    (fp_line (start -7.5 -0.8) (end -7 0.2) (layer F.Fab) (width 0.1))
    (fp_line (start -7 0.2) (end -6.5 -0.8) (layer F.Fab) (width 0.1))
    (fp_line (start 10.435 4.6) (end 10.435 5.61) (layer F.Fab) (width 0.1))
    (fp_line (start 10.435 5.61) (end 11.46 5.61) (layer F.Fab) (width 0.1))
    (fp_line (start 11.46 5.61) (end 11.46 6.5) (layer F.Fab) (width 0.1))
    (fp_line (start 11.46 6.5) (end -11.46 6.5) (layer F.Fab) (width 0.1))
    (fp_line (start -11.46 6.5) (end -11.46 5.61) (layer F.Fab) (width 0.1))
    (fp_line (start -11.46 5.61) (end -10.435 5.61) (layer F.Fab) (width 0.1))
    (fp_line (start -10.435 5.61) (end -10.435 4.6) (layer F.Fab) (width 0.1))
    (fp_line (start 10.545 3.06) (end 10.545 3.6) (layer F.SilkS) (width 0.12))
    (fp_line (start 10.545 3.6) (end 11.57 3.6) (layer F.SilkS) (width 0.12))
    (fp_line (start 11.57 3.6) (end 11.57 4.71) (layer F.SilkS) (width 0.12))
    (fp_line (start 11.57 4.71) (end -11.57 4.71) (layer F.SilkS) (width 0.12))
    (fp_line (start -11.57 4.71) (end -11.57 3.6) (layer F.SilkS) (width 0.12))
    (fp_line (start -11.57 3.6) (end -10.545 3.6) (layer F.SilkS) (width 0.12))
    (fp_line (start -10.545 3.6) (end -10.545 3.06) (layer F.SilkS) (width 0.12))
    (fp_line (start -8.39 -0.91) (end -7.565 -0.91) (layer F.SilkS) (width 0.12))
    (fp_line (start -7.565 -0.91) (end -7.565 -2.71) (layer F.SilkS) (width 0.12))
    (fp_line (start 7.565 -0.91) (end 8.39 -0.91) (layer F.SilkS) (width 0.12))
    (fp_line (start -11.96 -3.3) (end -11.96 7) (layer F.CrtYd) (width 0.05))
    (fp_line (start -11.96 7) (end 11.96 7) (layer F.CrtYd) (width 0.05))
    (fp_line (start 11.96 7) (end 11.96 -3.3) (layer F.CrtYd) (width 0.05))
    (fp_line (start 11.96 -3.3) (end -11.96 -3.3) (layer F.CrtYd) (width 0.05))
    (fp_text user %R (at 0 1.9 270) (layer F.Fab)
      (effects (font (size 1 1) (thickness 0.15)))
    )
    (pad 1 smd rect (at -7 -1.8 270) (size 0.61 2) (layers F.Cu F.Paste F.Mask)
      (net 2 GND))
    (pad 2 smd rect (at -6 -1.8 270) (size 0.61 2) (layers F.Cu F.Paste F.Mask)
      (net 43 /CAMA_D0-))
    (pad 3 smd rect (at -5 -1.8 270) (size 0.61 2) (layers F.Cu F.Paste F.Mask)
      (net 44 /CAMA_D0+))
    (pad 4 smd rect (at -4 -1.8 270) (size 0.61 2) (layers F.Cu F.Paste F.Mask)
      (net 2 GND))
    (pad 5 smd rect (at -3 -1.8 270) (size 0.61 2) (layers F.Cu F.Paste F.Mask)
      (net 45 /CAMA_D1-))
    (pad 6 smd rect (at -2 -1.8 270) (size 0.61 2) (layers F.Cu F.Paste F.Mask)
      (net 46 /CAMA_D1+))
    (pad 7 smd rect (at -1 -1.8 270) (size 0.61 2) (layers F.Cu F.Paste F.Mask)
      (net 2 GND))
    (pad 8 smd rect (at 0 -1.8 270) (size 0.61 2) (layers F.Cu F.Paste F.Mask)
      (net 47 /CAMA_C-))
    (pad 9 smd rect (at 1 -1.8 270) (size 0.61 2) (layers F.Cu F.Paste F.Mask)
      (net 48 /CAMA_C+))
    (pad 10 smd rect (at 2 -1.8 270) (size 0.61 2) (layers F.Cu F.Paste F.Mask)
      (net 2 GND))
    (pad 11 smd rect (at 3 -1.8 270) (size 0.61 2) (layers F.Cu F.Paste F.Mask)
      (net 19 /CAM_GPIO))
    (pad 12 smd rect (at 4 -1.8 270) (size 0.61 2) (layers F.Cu F.Paste F.Mask)
      (net 18 /CAM_CLK))
    (pad 13 smd rect (at 5 -1.8 270) (size 0.61 2) (layers F.Cu F.Paste F.Mask)
      (net 17 /SCL0))
    (pad 14 smd rect (at 6 -1.8 270) (size 0.61 2) (layers F.Cu F.Paste F.Mask)
      (net 16 /SDA0))
    (pad 15 smd rect (at 7 -1.8 270) (size 0.61 2) (layers F.Cu F.Paste F.Mask)
      (net 3 +3V3))
    (pad MP smd rect (at -9.99 1 270) (size 2.68 3.6) (layers F.Cu F.Paste F.Mask))
    (pad MP smd rect (at 9.99 1 270) (size 2.68 3.6) (layers F.Cu F.Paste F.Mask))
    (model ${KISYS3DMOD}/Connector_FFC-FPC.3dshapes/TE_1-84953-5_1x15-1MP_P1.0mm_Horizontal.wrl
      (at (xyz 0 0 0))
      (scale (xyz 1 1 1))
      (rotate (xyz 0 0 0))
    )
  )

  (module Connector_FFC-FPC:TE_1-84953-5_1x15-1MP_P1.0mm_Horizontal (layer B.Cu) (tedit 5AEE14E3) (tstamp 5C573E21)
    (at 148.7 168.4 90)
    (descr "TE FPC connector, 15 top-side contacts, 1.0mm pitch, 1.0mm height, SMT, http://www.te.com/commerce/DocumentDelivery/DDEController?Action=srchrtrv&DocNm=84953&DocType=Customer+Drawing&DocLang=English&DocFormat=pdf&PartCntxt=84953-4")
    (tags "te fpc 84953")
    (path /5C84AA36)
    (attr smd)
    (fp_text reference J4 (at 0 4.2 90) (layer B.SilkS)
      (effects (font (size 1 1) (thickness 0.15)) (justify mirror))
    )
    (fp_text value Conn_01x15 (at 0 -7.7 90) (layer B.Fab)
      (effects (font (size 1 1) (thickness 0.15)) (justify mirror))
    )
    (fp_text user %R (at 0 -1.9 90) (layer B.Fab)
      (effects (font (size 1 1) (thickness 0.15)) (justify mirror))
    )
